80 20 1 100 70 1 100
80 20 1 200 70 1 100
80 20 1 300 70 1 100
80 20 1 400 70 1 100
80 20 1 500 70 1 100
80 20 1 600 70 1 100
80 20 1 700 70 1 100
80 20 1 800 70 1 100
80 20 1 900 70 1 100
80 20 1 1000 70 1 100
80 20 2 100 140 2 200
80 20 2 200 140 2 200
80 20 2 300 140 2 200
80 20 2 400 140 2 200
80 20 2 500 140 2 200
80 20 2 600 140 2 200
80 20 2 700 140 2 200
80 20 2 800 140 2 200
80 20 2 900 140 2 200
80 20 2 1000 140 2 200
80 20 3 100 210 3 300
80 20 3 200 210 3 300
80 20 3 300 210 3 300
80 20 3 400 210 3 300
80 20 3 500 210 3 300
80 20 3 600 210 3 300
80 20 3 700 210 3 300
80 20 3 800 210 3 300
80 20 3 900 210 3 300
80 20 3 1000 210 3 300