80 20 2 100 70 2 200
80 20 2 200 70 2 200
80 20 2 300 70 2 200
80 20 2 400 70 2 200
80 20 2 500 70 2 200
80 20 2 600 70 2 200
80 20 2 700 70 2 200
80 20 2 800 70 2 200
80 20 2 900 70 2 200
80 20 2 1000 70 2 200
80 20 3 100 140 3 300
80 20 3 200 140 3 300
80 20 3 300 140 3 300
80 20 3 400 140 3 300
80 20 3 500 140 3 300
80 20 3 600 140 3 300
80 20 3 700 140 3 300
80 20 3 800 140 3 300
80 20 3 900 140 3 300
80 20 3 1000 140 3 300
80 20 4 100 210 4 400
80 20 4 200 210 4 400
80 20 4 300 210 4 400
80 20 4 400 210 4 400
80 20 4 500 210 4 400
80 20 4 600 210 4 400
80 20 4 700 210 4 400
80 20 4 800 210 4 400
80 20 4 900 210 4 400
80 20 4 1000 210 4 400