80 20 1 100 370 1 100
80 20 1 200 370 1 100
80 20 1 300 370 1 100
80 20 1 400 370 1 100
80 20 1 500 370 1 100
80 20 1 600 370 1 100
80 20 1 700 370 1 100
80 20 1 800 370 1 100
80 20 1 900 370 1 100
80 20 1 1000 370 1 100
80 20 2 100 440 2 200
80 20 2 200 440 2 200
80 20 2 300 440 2 200
80 20 2 400 440 2 200
80 20 2 500 440 2 200
80 20 2 600 440 2 200
80 20 2 700 440 2 200
80 20 2 800 440 2 200
80 20 2 900 440 2 200
80 20 2 1000 440 2 200
80 20 1 100 510 1 100
80 20 1 200 510 1 100
80 20 1 300 510 1 100
80 20 1 400 510 1 100
80 20 1 500 510 1 100
80 20 1 600 510 1 100
80 20 1 700 510 1 100
80 20 1 800 510 1 100
80 20 1 900 510 1 100
80 20 1 1000 510 1 100