80 20 2 100 370 2 200
80 20 2 200 370 2 200
80 20 2 300 370 2 200
80 20 2 400 370 2 200
80 20 2 500 370 2 200
80 20 2 600 370 2 200
80 20 2 700 370 2 200
80 20 2 800 370 2 200
80 20 2 900 370 2 200
80 20 2 1000 370 2 200
80 20 3 100 440 3 300
80 20 3 200 440 3 300
80 20 3 300 440 3 300
80 20 3 400 440 3 300
80 20 3 500 440 3 300
80 20 3 600 440 3 300
80 20 3 700 440 3 300
80 20 3 800 440 3 300
80 20 3 900 440 3 300
80 20 3 1000 440 3 300
80 20 4 100 510 4 400
80 20 4 200 510 4 400
80 20 4 300 510 4 400
80 20 4 400 510 4 400
80 20 4 500 510 4 400
80 20 4 600 510 4 400
80 20 4 700 510 4 400
80 20 4 800 510 4 400
80 20 4 900 510 4 400
80 20 4 1000 510 4 400